
*******************************************  Drifts coefficients *******************************************

x3 = 0.01006988709718315
x34 = 0.00743509361873973
x15 = 0.005878717834974179
x35 = 0.005671431762328094
x23 = 0.005572845868457188
x1 = 0.005432281641961634
x5 = 0.005072421476614908
x13 = 0.004419132868634934
x0 = 0.0035563743469744225
x26 = 0.0033716634978615545
x14 = 0.0032835356829536977
x17 = 0.003220590698672865
x25 = 0.003051260994351157
x21 = 0.0030445326728587574
x18 = 0.0030311366090636227
x22 = 0.002835726947675976
x2 = 0.002805699299281539
x36 = 0.0027824392046791324
x6 = 0.002778638023844593
x39 = 0.0027556744227332786
x32 = 0.0024433063228614937
x27 = 0.0023325118616517315
x30 = 0.002163612315040364
x42 = 0.002141485260930054
x28 = 0.0017614445428275616
x40 = 0.0012892305592788755
x38 = 0.0012199073845022834
x11 = 0.0009667180820471799
x29 = 0.000858829895734603
x37 = 0.0007997664574801444
x16 = 0.0007616267252270603
x33 = 0.000741366227020146
x41 = 0.0006516216414418352
x10 = 0.0005847780721917051
x7 = 0.0005783090802082835
x43 = 0.0005779020974590043
x31 = 0.00044928300867486115
x24 = 0.00044462951055734834
x20 = 0.00044102320899153113
x19 = 0.0004027308746139546
x4 = 0.00022452164549191522
x8 = 0.00022175709708882607
x9 = 0.0001788429947282566
x12 = 5.477175513046717e-05
