
*******************************************  Drifts coefficients *******************************************

x23 = 0.00808579624972161
x34 = 0.007202765112485521
x42 = 0.005884684567389664
x1 = 0.005655571911775237
x36 = 0.0055508177695102745
x5 = 0.005258566498497208
d3mIndex = 0.005117483503340514
x37 = 0.004965733158005525
x18 = 0.004621878658956247
x43 = 0.004422503876155837
x9 = 0.0044206005646612034
x11 = 0.004058115107652416
x35 = 0.00394970875548406
x31 = 0.003923389744191708
x13 = 0.003892934543489268
x26 = 0.0038710609056491485
x15 = 0.00383586857828222
x17 = 0.003532812752396808
x38 = 0.003183884954463201
x39 = 0.0031835803855932987
x22 = 0.0028359451741801767
x27 = 0.0026548595216866477
x8 = 0.002631952576624963
x32 = 0.002601254577941692
x0 = 0.0025443293793299127
x30 = 0.0024847137064321068
x40 = 0.002285789895261958
x2 = 0.002157295578039342
x25 = 0.002146830062305316
x10 = 0.0018817334752498915
x7 = 0.0016316736383727992
x12 = 0.0013926588896300274
x24 = 0.0012634421924349049
x20 = 0.0012141052970247035
x21 = 0.0009411942609347523
x16 = 0.0008327487961863334
x28 = 0.0007652291288668955
x3 = 0.0006807281158389689
x41 = 0.0005454562919866568
x19 = 0.0005031205742398459
x33 = 0.0004956509923310648
x29 = 0.0004207261205739776
x4 = 0.0003368378557666585
x6 = 0.0002789202219144471
x14 = 0.000160290227461779
